20
20
524288 262144 131072 65536 32768 16384 8192 4096 2048 1024 512 256 128 64 32 16 8 4 2 1
5 25 125 625 3125 15625 78125 390625 1953125 9765625 48828125 244140625 1220703125 6103515625 30517578125 152587890625 762939453125 3814697265625 19073486328125 95367431640625
1 0 0 0 0 0 0 0 0 0 0 0 0 0 0 0 0 0 0 0
4 1 0 0 0 0 0 0 0 0 0 0 0 0 0 0 0 0 0 0
8 4 1 0 0 0 0 0 0 0 0 0 0 0 0 0 0 0 0 0
16 8 4 1 0 0 0 0 0 0 0 0 0 0 0 0 0 0 0 0
32 16 8 4 1 0 0 0 0 0 0 0 0 0 0 0 0 0 0 0
64 32 16 8 4 1 0 0 0 0 0 0 0 0 0 0 0 0 0 0
128 64 32 16 8 4 1 0 0 0 0 0 0 0 0 0 0 0 0 0
256 128 64 32 16 8 4 1 0 0 0 0 0 0 0 0 0 0 0 0
512 256 128 64 32 16 8 4 1 0 0 0 0 0 0 0 0 0 0 0
1024 512 256 128 64 32 16 8 4 1 0 0 0 0 0 0 0 0 0 0
2048 1024 512 256 128 64 32 16 8 4 1 0 0 0 0 0 0 0 0 0
4096 2048 1024 512 256 128 64 32 16 8 4 1 0 0 0 0 0 0 0 0
8192 4096 2048 1024 512 256 128 64 32 16 8 4 1 0 0 0 0 0 0 0
16384 8192 4096 2048 1024 512 256 128 64 32 16 8 4 1 0 0 0 0 0 0
32768 16384 8192 4096 2048 1024 512 256 128 64 32 16 8 4 1 0 0 0 0 0
65536 32768 16384 8192 4096 2048 1024 512 256 128 64 32 16 8 4 1 0 0 0 0
131072 65536 32768 16384 8192 4096 2048 1024 512 256 128 64 32 16 8 4 1 0 0 0
262144 131072 65536 32768 16384 8192 4096 2048 1024 512 256 128 64 32 16 8 4 1 0 0
524288 262144 131072 65536 32768 16384 8192 4096 2048 1024 512 256 128 64 32 16 8 4 1 0
1048576 524288 262144 131072 65536 32768 16384 8192 4096 2048 1024 512 256 128 64 32 16 8 4 1
